import pandas as pd
import numpy as np
import matplotlib.pyplot as plt
from os import listdir

def serie_ibovespa():
	arq = "./ibovespa.csv"
	data = pd.read_csv(arq)
	return data.Adj_Close.values

def serie_ativo(n):
	dir = './ativos/'
	arqs = listdir(dir)
	arq = arqs[n]
	data = pd.read_csv(dir + arq)
	return data['Adj Close'].values

def acha_ticks():
	arq = "./ibovespa.csv"
	data = pd.read_csv(arq)
	dias = list(data.Date.values)
	cunt = 0
	ticks = []
	for d in dias:
		ano, mes, dia = map(int, d.split('-'))
		if (mes == 1 or mes == 7) and (dia > 11 and dia < 18):
			ticks.append(cunt)
			dias.pop(cunt)
			dias.pop(cunt)
			dias.pop(cunt)
			dias.pop(cunt)
		cunt += 1
	return ticks

def gera_series(ativos):
	return [serie_ativo(i-1) for i in ativos]

def gera_pontos(series, lotes):
	val = lotes
	pontos = []
	for i in range(len(series[0]) - 1):
		pontos.append((i, (sum(val) - 1) * 100))
		for j in range(len(series)):
			val[j] += lotes[j] * ((series[j][i+1] - series[j][i]) / series[j][i])
	return pontos

def gera_medias(pontos):
	medias = []
	for i in range(len(pontos[0])):
		tam = len(pontos)
		p = [0, 0]
		for j in range(tam):
			# print(i, j)
			p[0] += pontos[j][i][0]
			p[1] += pontos[j][i][1]
		p[0] /= tam
		p[1] /= tam
		medias.append(p)
	return medias

def plot_media(ativos, lotes, alg, cor):
	tam = len(ativos)
	series = [gera_series(ativos[i]) for i in range(tam)]
	pontos = [gera_pontos(series[i], lotes[i]) for i in range(tam)]
	pontos_grafico = gera_medias(pontos)

	ax = fig.add_subplot(111)
	x = [p[0] for p in pontos_grafico]
	y = [p[1] for p in pontos_grafico]
	ax.plot(x, y, '--', c = cor, label = alg)

def plot_maior(ativos, lotes, alg, cor, style):
	# se quiser descobrir qual o maior
	tam = len(ativos)
	series = [gera_series(ativos[i]) for i in range(tam)]
	pontos = [gera_pontos(series[i], lotes[i]) for i in range(tam)]
	retornos = []
	for i in range(len(pontos)):
		r = 0
		for j in range(len(pontos[i])):
			r += pontos[i][j][1]
		# retornos.append(r)
		retornos.append((r, i))
	
	idx = retornos.index(max(retornos))

	retornos.sort()
	idx = retornos[-1][1]
	print(idx)
	series = gera_series(ativos[idx])

	pontos_grafico = gera_pontos(series, lotes[idx])

	ax = fig.add_subplot(111)
	x = [p[0] for p in pontos_grafico]
	y = [p[1] for p in pontos_grafico]
	ax.plot(x, y, style, c = cor, label = alg)

def plot_portfolio(ativos, lotes):
	retorno_total = 0
	todos_os_pontos = []
	for i in range(len(ativos)):
		retorno_ativo = 0
		pontos_por_ativo = []
		serie = serie_ativo(ativos[i])
		for j in range(len(serie) - 1):
			retorno_ativo += (serie[j+1] - serie[j]) / serie[j]
			pontos_por_ativo.append(retorno_ativo * lotes[i])
		retorno_total += retorno_ativo * lotes[i]
		todos_os_pontos.append(pontos_por_ativo)

	return np.sum(todos_os_pontos, axis = 0)

ibovespa = serie_ibovespa()
xticks = acha_ticks()
print(xticks)
ib = 1
pontos_ib = []
for i in range(len(ibovespa) - 1):
	pontos_ib.append((i, (ib - 1) * 100))
	ib += ib * ((ibovespa[i+1] - ibovespa[i]) / ibovespa[i])

fig = plt.figure(figsize = (12, 8))
ax = fig.add_subplot(111)
ax.set_xlabel('Tempo')
ax.set_ylabel('Retorno Acumulado (%)')
xlabels = ['Jan 2016', 'Jul 2016', 'Jan 2017', 'Jul 2017', 'Jan 2018', 'Jul 2018']
ax.set_xticklabels(xlabels)
ax.set_xticks(xticks)

x = [p[0] for p in pontos_ib]
y = [p[1] for p in pontos_ib]
ax.plot(x, y, '--', c = '#871c83', label = 'Ibovespa')

###

# [1, 55, 48]
# [0.000539205, 0.00179331, 0.997667]

ativos_brkga_3 = [[1, 25, 24], [9, 24, 55], [38, 24, 55], [1, 55, 48], [1, 31, 55], [1, 25, 55], [1, 55, 31], [48, 24, 55], [25, 55, 9], [42, 31, 55], [1, 31, 55], [1, 25, 55], [24, 1, 55], [20, 24, 55], [38, 55, 24], [31, 24, 55], [48, 1, 24], [2, 31, 55], [24, 1, 55], [47, 48, 9], [38, 55, 9], [15, 31, 9], [31, 24, 55], [25, 24, 55], [31, 48, 55], [37, 24, 55], [25, 55, 24], [31, 24, 55], [23, 25, 55]]
lotes_brkga_3  = [[2.8661e-5, 0.00253073, 0.997441], [0.000123699, 0.158621, 0.841255], [0.00111328, 0.013829, 0.985058], [0.000539205, 0.10179331, 0.897667], [0.00193212, 0.496699, 0.501369], [0.00111827, 0.00189795, 0.996984], [0.00119161, 0.0013808, 0.997428], [0.00204687, 0.0291924, 0.968761], [0.0210665, 0.0949708, 0.883963], [0.00038772, 0.382826, 0.616786], [0.0148276, 0.312655, 0.672518], [1.11879e-5, 0.000274625, 0.999714], [0.000326415, 0.000651198, 0.999022], [0.000404412, 0.00687729, 0.992718], [0.000498723, 0.360226, 0.639275], [0.0108659, 0.0219786, 0.967156], [0.00135694, 0.28634, 0.712304], [0.00943257, 0.059271, 0.931296], [0.00416281, 0.00560711, 0.99023], [0.000914909, 0.448604, 0.550481], [0.00403648, 0.0228209, 0.973143], [0.0289129, 0.179527, 0.79156], [0.000506881, 0.273901, 0.725592], [0.0193079, 0.445395, 0.535297], [0.000754689, 0.00176302, 0.997482], [0.00205802, 0.0851974, 0.912745], [0.000404987, 0.361597, 0.637998], [0.00113937, 0.441558, 0.557303], [5.89835e-5, 0.000203341, 0.999738]]

ativos_brknsga_3 = [[38, 48, 24], [60, 24, 48], [42, 24, 48], [1, 24, 48], [2, 24, 48], [1, 55, 24], [51, 24, 48], [48, 55, 24], [24, 48, 9], [24, 48, 55], [51, 9, 48], [24, 55, 48], [40, 60, 48], [52, 9, 48], [8, 55, 24], [31, 48, 9], [9, 24, 48], [23, 24, 55], [24, 55, 48], [24, 9, 55], [1, 24, 9], [31, 48, 24], [48, 55, 24], [1, 48, 24], [24, 48, 9], [25, 48, 55], [31, 9, 48], [13, 23, 24]]
lotes_brknsga_3  = [[0.00113706, 0.412347, 0.586516], [0.00043209, 0.339298, 0.66027], [0.000336408, 0.269225, 0.730438], [0.00327783, 0.391068, 0.605654], [0.010276, 0.0240002, 0.965724], [0.00153081, 0.454841, 0.543629], [0.000216846, 0.306121, 0.693662], [0.0140927, 0.477725, 0.508182], [0.0218806, 0.297596, 0.680523], [0.295309, 0.325832, 0.378859], [0.0403018, 0.21004, 0.749659], [0.010707, 0.0224594, 0.966834], [0.00152708, 0.00509462, 0.993378], [0.00458679, 0.109413, 0.886], [0.000247696, 0.113716, 0.886036], [0.0173966, 0.334358, 0.648245], [0.193441, 0.23541, 0.571149], [0.001694, 0.49208, 0.506226], [0.294647, 0.309391, 0.395962], [0.0426332, 0.299054, 0.658312], [0.00106877, 0.478569, 0.520363], [0.0568103, 0.134074, 0.809115], [0.00109266, 0.355834, 0.643073], [0.000867049, 0.382851, 0.616282], [0.00188015, 0.206256, 0.791863], [0.0837687, 0.297049, 0.619182], [0.00164869, 0.0706311, 0.92772], [0.000184115, 0.153472, 0.846344]]

ativos_nsgam_3 = [[9, 24, 48], [48, 24, 55], [55, 24, 48], [9, 24, 48], [55, 24, 31], [24, 9, 48], [48, 24, 9], [55, 24, 48], [48, 9, 24], [9, 48, 24], [55, 48, 24], [55, 48, 9], [48, 24, 9], [55, 25, 24], [55, 48, 9], [48, 24, 55], [31, 48, 55], [48, 24, 55], [55, 25, 24], [48, 24, 31], [48, 55, 24], [24, 25, 31], [55, 24, 31], [48, 24, 9], [55, 48, 24], [24, 31, 48], [24, 48, 55], [24, 48, 55], [31, 48, 55], [48, 31, 55]]
lotes_nsgam_3 = [[0.312211, 0.544817, 0.142972], [0.383767, 0.436244, 0.179989], [0.278487, 0.595875, 0.125638], [0.122237, 0.342069, 0.535694], [0.195087, 0.216103, 0.58881], [0.531844, 0.142034, 0.326122], [0.623486, 0.293617, 0.0828967], [0.113832, 0.329461, 0.556707], [0.190065, 0.524375, 0.28556], [0.303349, 0.498564, 0.198087], [0.135844, 0.405183, 0.458972], [0.140936, 0.233463, 0.625601], [0.124509, 0.330427, 0.545064], [0.321988, 0.142209, 0.535803], [0.128499, 0.482259, 0.389242], [0.318972, 0.536739, 0.14429], [0.0916955, 0.558408, 0.349897], [0.600276, 0.294091, 0.105633], [0.54237, 0.108874, 0.348755], [0.259756, 0.60171, 0.138534], [0.526368, 0.171205, 0.302426], [0.516127, 0.152751, 0.331122], [0.554817, 0.175209, 0.269974], [0.153148, 0.59971, 0.247142], [0.157727, 0.468769, 0.373504], [0.565446, 0.101183, 0.333371], [0.337717, 0.515227, 0.147056], [0.467706, 0.334011, 0.198283], [0.295748, 0.183872, 0.52038], [0.57258, 0.138157, 0.289263]]

ativos_nsgal_3 = [[23, 47, 54], [23, 47, 54], [23, 30, 47], [23, 30, 47], [23, 30, 47], [8, 23, 47], [23, 47, 54], [23, 30, 47], [23, 47, 54], [23, 47, 54], [23, 47, 54], [23, 47, 54], [23, 30, 47], [23, 47, 54], [23, 47, 54], [8, 23, 47], [23, 47, 54], [23, 30, 47], [23, 47, 54], [23, 47, 54], [8, 23, 47], [8, 23, 47], [23, 47, 54], [8, 23, 47], [8, 23, 47], [8, 23, 47], [23, 47, 54], [23, 47, 54], [23, 30, 47], [23, 47, 54]]
lotes_nsgal_3 = [[0.477561, 0.198488, 0.323951], [0.486426, 0.206407, 0.307167], [0.493698, 0.204969, 0.301333], [0.456364, 0.172367, 0.37127], [0.470104, 0.183917, 0.345979], [0.464936, 0.175808, 0.359257], [0.482512, 0.208661, 0.308827], [0.484372, 0.270244, 0.245384], [0.435169, 0.178024, 0.386807], [0.448406, 0.172522, 0.379072], [0.478342, 0.20943, 0.312228], [0.471455, 0.172662, 0.355883], [0.481341, 0.212539, 0.306119], [0.48384, 0.179493, 0.336666], [0.481358, 0.177676, 0.340966], [0.456722, 0.185647, 0.357631], [0.485236, 0.227953, 0.286811], [0.481163, 0.215044, 0.303794], [0.480006, 0.193517, 0.326476], [0.439051, 0.18272, 0.378229], [0.423978, 0.201795, 0.374227], [0.395083, 0.197478, 0.407439], [0.46613, 0.264673, 0.269197], [0.453634, 0.173632, 0.372734], [0.473172, 0.170308, 0.35652], [0.415274, 0.192194, 0.392532], [0.415932, 0.198012, 0.386055], [0.503077, 0.226756, 0.270167], [0.47611, 0.265721, 0.25817], [0.451784, 0.178703, 0.369513]]

ativos_brkga_9 = [[11, 2, 8, 21, 31, 25, 24, 1, 55], [27, 8, 58, 17, 38, 55, 1, 25, 9], [38, 15, 27, 50, 33, 48, 24, 55, 9], [35, 3, 2, 22, 25, 31, 1, 55, 48], [32, 5, 10, 13, 17, 2, 1, 55, 24], [60, 20, 25, 8, 21, 41, 31, 55, 24], [41, 2, 34, 20, 55, 25, 24, 37, 9], [18, 20, 58, 25, 48, 23, 1, 55, 24], [33, 37, 27, 1, 23, 38, 55, 24, 48], [36, 6, 20, 48, 40, 25, 1, 24, 55], [35, 42, 51, 15, 20, 60, 1, 24, 55], [46, 53, 48, 24, 25, 55, 1, 31, 9], [50, 42, 37, 13, 48, 23, 1, 25, 55], [39, 41, 32, 56, 25, 4, 38, 24, 55], [19, 28, 15, 23, 36, 2, 48, 9, 24], [44, 3, 58, 60, 8, 23, 1, 55, 24], [11, 6, 17, 13, 25, 41, 31, 24, 55], [25, 16, 31, 37, 24, 1, 55, 48, 9], [13, 17, 2, 20, 27, 51, 23, 48, 9], [11, 16, 42, 35, 51, 12, 32, 55, 9], [2, 22, 32, 8, 31, 1, 55, 51, 9], [37, 25, 60, 20, 51, 4, 1, 55, 24], [23, 10, 33, 41, 38, 42, 1, 55, 24], [49, 20, 17, 48, 22, 60, 24, 1, 55], [41, 4, 32, 25, 1, 24, 60, 48, 9], [42, 37, 13, 38, 1, 55, 25, 31, 9], [27, 33, 35, 31, 24, 2, 38, 1, 55], [31, 8, 12, 25, 48, 9, 24, 1, 55]]
lotes_brkga_9  = [[0.000794849, 0.00177991, 0.00227075, 0.00670603, 0.0275647, 0.0327607, 0.156148, 0.166494, 0.605481], [0.000907444, 0.00156653, 0.00203519, 0.00244774, 0.00717572, 0.0124609, 0.01418, 0.215734, 0.743492], [0.00025125, 0.00190722, 0.00203893, 0.00274468, 0.00388902, 0.215971, 0.236638, 0.248946, 0.287614], [0.000986796, 0.00185315, 0.00229341, 0.00318256, 0.00658909, 0.00843156, 0.010905, 0.289183, 0.676575], [6.76698e-5, 0.000358305, 0.000603618, 0.00193747, 0.00204976, 0.0147444, 0.0163191, 0.271598, 0.692322], [0.000500918, 0.00297087, 0.00332283, 0.0052398, 0.00606398, 0.00667255, 0.0095281, 0.114082, 0.851619], [0.000671621, 0.01678, 0.0180911, 0.0262969, 0.0282424, 0.028256, 0.0404748, 0.047945, 0.793242], [0.000406198, 0.00067347, 0.00143443, 0.00233269, 0.0107695, 0.0246077, 0.0284798, 0.076913, 0.854383], [0.00175132, 0.00248313, 0.00557887, 0.0066381, 0.0121569, 0.14595, 0.248499, 0.286447, 0.290496], [0.000613149, 0.00217777, 0.00377955, 0.00474148, 0.00545332, 0.00962405, 0.0368215, 0.397731, 0.539058], [0.000328519, 0.00163147, 0.00275932, 0.0077456, 0.025694, 0.0265451, 0.0335108, 0.324782, 0.577003], [0.00127092, 0.00513141, 0.00865839, 0.0092197, 0.0123924, 0.0164522, 0.0205968, 0.441842, 0.484436], [9.95085e-5, 0.00135849, 0.00442205, 0.00603292, 0.00944737, 0.0107709, 0.0436669, 0.20109, 0.723112], [0.000355481, 0.000967685, 0.00122646, 0.00138253, 0.00473517, 0.00691717, 0.0481887, 0.358065, 0.578162], [0.00385727, 0.0039634, 0.00404327, 0.00864515, 0.00887235, 0.0143052, 0.172626, 0.210345, 0.573342], [0.00242052, 0.00246155, 0.00293392, 0.00491498, 0.00606779, 0.00874473, 0.0294743, 0.386138, 0.556844], [0.000343859, 0.000382734, 0.00513794, 0.00742619, 0.0126423, 0.0210666, 0.259326, 0.305289, 0.388385], [0.000216074, 0.00285381, 0.00543558, 0.00621621, 0.00958626, 0.0116396, 0.273905, 0.299859, 0.390288], [0.00137829, 0.00302713, 0.00572507, 0.0105611, 0.0106276, 0.0220561, 0.0222419, 0.441452, 0.482931], [0.00077195, 0.00120994, 0.00305835, 0.00420032, 0.00798893, 0.0151265, 0.0172002, 0.16138, 0.789064], [0.000879077, 0.00363514, 0.00385755, 0.00679082, 0.00952271, 0.0104747, 0.0223347, 0.0540244, 0.888481], [0.00159749, 0.00295703, 0.00610881, 0.00965707, 0.00981882, 0.010227, 0.0213751, 0.411205, 0.527054], [0.000800332, 0.00344137, 0.00346471, 0.00690135, 0.0117121, 0.0153418, 0.020965, 0.139972, 0.797401], [0.000210703, 0.00197147, 0.00368294, 0.00441501, 0.00855175, 0.0114711, 0.0260959, 0.0300616, 0.91354], [0.003781, 0.0112262, 0.011926, 0.0274865, 0.0327204, 0.0348355, 0.0573849, 0.0855059, 0.735134], [0.00136639, 0.00317349, 0.00766929, 0.00867126, 0.0198233, 0.0248742, 0.0607184, 0.163617, 0.710086], [0.000882432, 0.00812787, 0.00883686, 0.0178789, 0.0181108, 0.0313298, 0.0332601, 0.0519159, 0.829657], [0.000512334, 0.00193746, 0.00576448, 0.0136021, 0.0140364, 0.0440892, 0.050504, 0.093103, 0.776451]]

ativos_brknsga_9 = [[54, 10, 13, 22, 2, 25, 9, 24, 48], [2, 40, 23, 41, 38, 48, 1, 24, 55], [1, 10, 33, 2, 22, 55, 24, 48, 9], [4, 45, 54, 40, 23, 2, 55, 48, 24], [48, 34, 41, 38, 22, 1, 31, 24, 55], [42, 12, 27, 41, 1, 31, 9, 48, 24], [39, 36, 41, 2, 25, 31, 55, 24, 48], [43, 51, 12, 27, 38, 23, 55, 24, 48], [41, 27, 51, 23, 25, 38, 24, 48, 55], [35, 40, 17, 31, 25, 48, 1, 55, 24], [7, 42, 23, 51, 33, 48, 1, 24, 9], [3, 27, 51, 19, 42, 12, 2, 1, 55], [33, 40, 48, 41, 37, 25, 31, 55, 24], [33, 23, 38, 2, 48, 55, 31, 24, 9], [44, 22, 13, 25, 33, 1, 48, 55, 24], [41, 20, 43, 25, 38, 31, 9, 48, 24], [32, 15, 2, 41, 23, 31, 48, 55, 24], [47, 31, 52, 51, 38, 1, 48, 24, 55], [42, 37, 55, 25, 23, 31, 48, 9, 24], [30, 20, 52, 31, 2, 1, 55, 48, 24], [23, 1, 22, 60, 31, 25, 24, 48, 55], [37, 14, 13, 23, 1, 55, 31, 48, 24], [42, 25, 1, 41, 51, 31, 9, 48, 24], [27, 41, 34, 22, 1, 48, 31, 55, 24], [37, 41, 20, 51, 1, 31, 55, 24, 48], [4, 6, 42, 1, 13, 22, 25, 24, 48], [34, 2, 38, 25, 1, 23, 48, 24, 9], [22, 5, 1, 23, 25, 60, 24, 48, 55], [34, 22, 27, 1, 23, 38, 48, 24, 55], [4, 22, 1, 2, 55, 25, 9, 24, 48]]
lotes_brknsga_9  = [[0.00013421, 0.000998813, 0.0101671, 0.0106231, 0.01097, 0.0155278, 0.0862038, 0.430905, 0.43447], [0.00083649, 0.00140365, 0.00461068, 0.00518381, 0.00605533, 0.0339465, 0.0748682, 0.273175, 0.599921], [0.000885073, 0.00202934, 0.00541556, 0.00719095, 0.00898636, 0.00923215, 0.0710309, 0.131876, 0.763354], [0.000400928, 0.000537206, 0.00142823, 0.00248934, 0.00459395, 0.00853567, 0.245749, 0.368065, 0.368201], [0.000496262, 0.00386012, 0.00962304, 0.0168275, 0.0191612, 0.0320106, 0.0642624, 0.225749, 0.62801], [9.28658e-5, 0.000814187, 0.00252298, 0.00566068, 0.00793928, 0.0114927, 0.302183, 0.318003, 0.351292], [0.000151651, 0.000584303, 0.00172812, 0.00459405, 0.00854874, 0.0332504, 0.0744735, 0.276342, 0.600328], [0.000190607, 0.00160606, 0.00201705, 0.00427425, 0.006801, 0.0423987, 0.0925522, 0.424097, 0.426063], [0.00263679, 0.00307083, 0.00715493, 0.0113497, 0.0246113, 0.0432578, 0.047401, 0.142689, 0.717829], [9.99747e-5, 0.00128343, 0.00277291, 0.0109734, 0.0255734, 0.0434151, 0.0547955, 0.0909167, 0.770169], [0.0042708, 0.00624546, 0.00950326, 0.0129428, 0.0234503, 0.0305277, 0.0340781, 0.149746, 0.729235], [0.000349075, 0.00258513, 0.00437525, 0.00762229, 0.00805339, 0.0117679, 0.0123024, 0.0561967, 0.896748], [0.000181411, 0.000482063, 0.00334498, 0.00693894, 0.010652, 0.0116427, 0.0194063, 0.21196, 0.735392], [0.000842307, 0.00845342, 0.019068, 0.0195404, 0.02925, 0.039355, 0.0772872, 0.231033, 0.575171], [0.000302618, 0.0019469, 0.00299157, 0.00328943, 0.00397452, 0.00805909, 0.270981, 0.347917, 0.360538], [6.17218e-5, 0.000772744, 0.00126749, 0.0098738, 0.0192565, 0.0792252, 0.255322, 0.293376, 0.340845], [0.00052815, 0.000872683, 0.0017443, 0.0118899, 0.0145166, 0.040451, 0.203949, 0.323334, 0.402714], [0.000142012, 0.00112019, 0.00156401, 0.011408, 0.0252948, 0.0270572, 0.145299, 0.356958, 0.431157], [0.000612367, 0.00122355, 0.00416944, 0.0071393, 0.0141658, 0.0224571, 0.265678, 0.291768, 0.392786], [0.000150674, 0.000282134, 0.000898769, 0.00982784, 0.0127053, 0.0155172, 0.284887, 0.337335, 0.338396], [0.00210916, 0.00212934, 0.00368199, 0.00566795, 0.0106275, 0.050229, 0.0965881, 0.388282, 0.440685], [0.000756759, 0.000814766, 0.00312555, 0.00755728, 0.0145492, 0.173263, 0.233244, 0.272114, 0.294576], [0.000504195, 0.00422023, 0.0059811, 0.0150467, 0.0210389, 0.0227112, 0.08808, 0.405078, 0.43734], [0.00161389, 0.00446956, 0.00554666, 0.00681983, 0.0121463, 0.0164189, 0.0380898, 0.439421, 0.475474], [0.00051884, 0.00204203, 0.00440702, 0.00654812, 0.00761302, 0.00801496, 0.184558, 0.381499, 0.404799], [0.000927044, 0.00137743, 0.00257518, 0.00705322, 0.0121653, 0.0151373, 0.0318637, 0.248285, 0.680616], [0.000283646, 0.00471302, 0.0048078, 0.00530281, 0.0107703, 0.0514955, 0.108041, 0.200962, 0.613623], [0.00240362, 0.00435051, 0.013733, 0.0198457, 0.0393801, 0.060183, 0.0611795, 0.0714998, 0.727425], [0.002399, 0.00265921, 0.00444309, 0.0159604, 0.0213227, 0.0253976, 0.109772, 0.356548, 0.461498], [0.00106638, 0.00147396, 0.00500794, 0.00804123, 0.0156927, 0.0290254, 0.0494012, 0.181999, 0.708292]]

ativos_nsgam_9 = [[1, 48, 31, 9, 25, 23, 24, 55, 41], [41, 1, 55, 23, 24, 48, 25, 38, 31], [25, 55, 22, 38, 24, 9, 31, 23, 48], [48, 38, 25, 24, 22, 55, 9, 31, 23], [23, 1, 25, 48, 55, 38, 24, 31, 41], [23, 9, 38, 55, 25, 24, 31, 48, 1], [25, 38, 41, 48, 31, 24, 1, 9, 55], [38, 48, 41, 25, 31, 23, 24, 55, 1], [23, 9, 48, 22, 31, 24, 25, 55, 38], [41, 23, 9, 55, 25, 24, 31, 48, 22], [31, 51, 48, 55, 24, 9, 22, 23, 25], [31, 55, 23, 48, 25, 9, 1, 24, 41], [38, 9, 1, 55, 24, 25, 48, 31, 23], [55, 25, 23, 38, 31, 24, 1, 48, 9], [23, 48, 25, 55, 38, 1, 24, 31, 20], [25, 24, 31, 41, 1, 38, 48, 9, 55], [25, 41, 9, 48, 24, 55, 31, 38, 22], [22, 41, 25, 48, 38, 1, 24, 55, 31], [24, 48, 55, 25, 9, 51, 22, 41, 31], [48, 31, 24, 25, 9, 38, 55, 23, 1], [1, 24, 38, 31, 55, 23, 22, 48, 25], [9, 23, 41, 48, 25, 31, 38, 55, 24], [48, 55, 31, 38, 9, 24, 25, 1, 23], [41, 9, 25, 48, 23, 55, 24, 31, 38], [38, 25, 24, 51, 55, 31, 41, 48, 23], [31, 24, 48, 23, 9, 1, 38, 25, 55], [25, 9, 24, 55, 48, 31, 41, 38, 23], [9, 48, 55, 23, 24, 1, 38, 31, 25], [23, 25, 55, 9, 31, 24, 38, 1, 48], [38, 48, 1, 24, 25, 55, 41, 31, 23]]
lotes_nsgam_9 = [[0.0989555, 0.231541, 0.155635, 0.0663039, 0.11268, 0.00678879, 0.196526, 0.128007, 0.00356318], [0.00364054, 0.00694721, 0.205982, 0.0923459, 0.246163, 0.128152, 0.113928, 0.0619688, 0.140873], [0.115393, 0.132415, 0.0732911, 0.00419689, 0.188186, 0.107093, 0.145525, 0.0377335, 0.196166], [0.166391, 0.00362901, 0.109067, 0.211599, 0.0397895, 0.0672274, 0.247556, 0.131438, 0.0233038], [0.0625317, 0.00483437, 0.125256, 0.236721, 0.141015, 0.0777789, 0.185232, 0.162253, 0.0043773], [0.00455646, 0.115618, 0.0292167, 0.0857879, 0.112646, 0.211209, 0.160798, 0.234814, 0.0453556], [0.118166, 0.0952024, 0.00535666, 0.231359, 0.1482, 0.190073, 0.0595512, 0.0225652, 0.129527], [0.0623915, 0.299052, 0.00313607, 0.0970239, 0.178633, 0.00536906, 0.192803, 0.149888, 0.0117041], [0.00495622, 0.0164855, 0.210507, 0.0487982, 0.162663, 0.208028, 0.11845, 0.128258, 0.101853], [0.0054693, 0.00829543, 0.0310724, 0.132705, 0.110015, 0.232724, 0.156775, 0.228504, 0.0944396], [0.156698, 0.0551768, 0.19653, 0.0875268, 0.189844, 0.125787, 0.0114051, 0.0613551, 0.115678], [0.164335, 0.122138, 0.00518503, 0.245065, 0.128074, 0.0536971, 0.0835482, 0.193439, 0.00451825], [0.0398847, 0.145285, 0.0741052, 0.0904352, 0.177774, 0.112719, 0.216236, 0.135086, 0.00847519], [0.130828, 0.123521, 0.0510077, 0.0819822, 0.164023, 0.185568, 0.0461225, 0.212402, 0.00454495], [0.02808, 0.113783, 0.0784519, 0.142945, 0.0632863, 0.202293, 0.175748, 0.18905, 0.00636398], [0.108973, 0.200204, 0.135373, 0.00273549, 0.0430247, 0.0860265, 0.219696, 0.0725024, 0.131466], [0.11265, 0.00599119, 0.0871844, 0.238003, 0.20784, 0.124338, 0.135536, 0.0532424, 0.0352144], [0.00579523, 0.0465857, 0.0627828, 0.212258, 0.0451043, 0.129339, 0.214603, 0.139604, 0.143928], [0.185779, 0.196191, 0.120965, 0.0849763, 0.141827, 0.0372176, 0.0770895, 0.0057002, 0.150255], [0.204437, 0.134408, 0.178658, 0.133197, 0.103019, 0.0373917, 0.15435, 0.00518109, 0.04936], [0.0193675, 0.200526, 0.0899122, 0.158416, 0.124709, 0.0721682, 0.0109966, 0.200296, 0.123609], [0.0498954, 0.00603105, 0.00398339, 0.190178, 0.126912, 0.145049, 0.0795429, 0.139692, 0.258716], [0.19541, 0.146333, 0.150656, 0.0883777, 0.0583047, 0.21324, 0.112767, 0.0320828, 0.00282885], [0.00241826, 0.219797, 0.107018, 0.248506, 0.0115496, 0.0923099, 0.142049, 0.145818, 0.030534], [0.0400319, 0.106465, 0.200178, 0.00539804, 0.132089, 0.173671, 0.033365, 0.242368, 0.0664345], [0.147348, 0.225206, 0.184, 0.050691, 0.141849, 0.0055874, 0.0632162, 0.111899, 0.0702028], [0.119429, 0.250411, 0.144199, 0.100237, 0.179961, 0.151587, 0.00576267, 0.0406454, 0.00776808], [0.0813352, 0.222134, 0.132936, 0.0623239, 0.198857, 0.00329076, 0.0302415, 0.145809, 0.123074], [0.00513853, 0.0646975, 0.135003, 0.119488, 0.170443, 0.197393, 0.0460883, 0.0253009, 0.236449], [0.105746, 0.207584, 0.0385283, 0.19919, 0.114835, 0.130072, 0.00566039, 0.14656, 0.0518251]]

ativos_nsgal_9 = [[19, 22, 23, 24, 30, 37, 40, 47, 54], [21, 22, 23, 24, 30, 37, 40, 47, 54], [21, 22, 23, 24, 30, 37, 47, 50, 54], [8, 21, 22, 23, 24, 30, 37, 47, 54], [1, 21, 22, 23, 24, 30, 37, 47, 54], [19, 22, 23, 24, 30, 37, 40, 47, 54], [1, 22, 23, 24, 30, 37, 40, 47, 54], [12, 22, 23, 24, 30, 37, 40, 47, 54], [12, 22, 23, 24, 30, 37, 40, 47, 54], [12, 22, 23, 24, 30, 37, 40, 47, 54], [8, 21, 22, 23, 24, 30, 37, 47, 54], [21, 22, 23, 24, 30, 37, 40, 47, 54], [21, 22, 23, 24, 30, 37, 40, 47, 54], [21, 22, 23, 24, 30, 37, 47, 50, 54], [8, 21, 22, 23, 24, 30, 37, 47, 54], [8, 22, 23, 24, 30, 37, 40, 47, 54], [8, 22, 23, 24, 30, 37, 40, 47, 54], [19, 22, 23, 24, 30, 37, 40, 47, 54], [21, 22, 23, 24, 30, 37, 47, 50, 54], [8, 21, 22, 23, 24, 30, 37, 47, 54], [8, 22, 23, 24, 30, 37, 40, 47, 54], [8, 21, 22, 23, 24, 30, 37, 47, 54], [8, 22, 23, 24, 30, 37, 40, 47, 54], [1, 22, 23, 24, 30, 37, 40, 47, 54], [8, 21, 23, 24, 30, 37, 40, 47, 54], [21, 22, 23, 24, 30, 37, 40, 47, 54], [1, 21, 22, 23, 24, 30, 37, 47, 54], [8, 21, 23, 24, 30, 37, 40, 47, 54], [8, 21, 22, 23, 24, 30, 37, 47, 54], [21, 22, 23, 24, 30, 37, 40, 47, 54]]
lotes_nsgal_9 = [[0.102577, 0.101354, 0.108794, 0.117755, 0.115624, 0.100248, 0.108546, 0.121762, 0.123341], [0.104047, 0.101542, 0.110543, 0.110974, 0.109587, 0.107771, 0.104053, 0.117941, 0.133542], [0.106708, 0.102715, 0.112063, 0.110876, 0.116004, 0.110363, 0.108747, 0.117202, 0.115322], [0.106048, 0.107124, 0.110795, 0.116205, 0.11416, 0.109839, 0.103632, 0.117351, 0.114845], [0.111406, 0.106982, 0.109621, 0.105336, 0.111565, 0.110968, 0.111956, 0.109295, 0.122871], [0.0957483, 0.108071, 0.111568, 0.116534, 0.112185, 0.115465, 0.10693, 0.115064, 0.118434], [0.102967, 0.101794, 0.110866, 0.119305, 0.115457, 0.109459, 0.108086, 0.112679, 0.119388], [0.102447, 0.105077, 0.108494, 0.113438, 0.112453, 0.11154, 0.104201, 0.113753, 0.128597], [0.101334, 0.112004, 0.111728, 0.101458, 0.115165, 0.110212, 0.107343, 0.117097, 0.12366], [0.103374, 0.1125, 0.119629, 0.110562, 0.106802, 0.0999159, 0.108062, 0.117937, 0.121217], [0.0987496, 0.0973723, 0.114717, 0.114926, 0.111851, 0.110544, 0.113431, 0.119389, 0.11902], [0.109639, 0.107828, 0.114403, 0.113515, 0.111701, 0.113118, 0.0941968, 0.118539, 0.117061], [0.0962705, 0.101037, 0.115711, 0.113173, 0.126182, 0.106832, 0.109168, 0.117709, 0.113916], [0.101664, 0.105058, 0.109562, 0.112856, 0.11604, 0.102431, 0.108083, 0.12489, 0.119416], [0.107273, 0.0987794, 0.112084, 0.117535, 0.114492, 0.107157, 0.111185, 0.114552, 0.116942], [0.106593, 0.104301, 0.113055, 0.114285, 0.113792, 0.110899, 0.106296, 0.118437, 0.112341], [0.103672, 0.102362, 0.11973, 0.112324, 0.115908, 0.107898, 0.106708, 0.117373, 0.114025], [0.0992041, 0.100146, 0.114797, 0.11362, 0.11465, 0.105146, 0.101089, 0.13307, 0.118279], [0.104758, 0.108881, 0.113217, 0.112216, 0.109139, 0.109272, 0.108994, 0.11725, 0.116274], [0.106594, 0.0889583, 0.110766, 0.115264, 0.116556, 0.113451, 0.112133, 0.115864, 0.120414], [0.0796309, 0.10375, 0.114098, 0.116008, 0.123124, 0.112754, 0.110787, 0.117521, 0.122328], [0.107275, 0.103483, 0.111853, 0.113353, 0.114633, 0.112808, 0.109184, 0.115636, 0.111776], [0.0989253, 0.105487, 0.114663, 0.11357, 0.112051, 0.11127, 0.105663, 0.115541, 0.12283], [0.101748, 0.106166, 0.107864, 0.111966, 0.123395, 0.109906, 0.110435, 0.112032, 0.116489], [0.118612, 0.102877, 0.114015, 0.115623, 0.115797, 0.104909, 0.109947, 0.104116, 0.114103], [0.106445, 0.111024, 0.116228, 0.115582, 0.113772, 0.108873, 0.0945461, 0.114788, 0.118742], [0.112974, 0.0858215, 0.114037, 0.115293, 0.114999, 0.113602, 0.105537, 0.117846, 0.119891], [0.100377, 0.105983, 0.11619, 0.115052, 0.108006, 0.109635, 0.105065, 0.121704, 0.117987], [0.116442, 0.100343, 0.110175, 0.138774, 0.108089, 0.10792, 0.107771, 0.0993199, 0.111166], [0.103795, 0.106675, 0.112726, 0.112297, 0.118853, 0.110164, 0.100453, 0.116027, 0.119009]]

# ativos_brkga_15 = [[41, 34, 3, 31, 2, 8, 58, 51, 14, 20, 25, 55, 1, 38, 24], [9, 15, 6, 21, 13, 24, 37, 60, 55, 25, 1, 23, 51, 31, 22], [10, 7, 12, 3, 52, 11, 13, 2, 4, 38, 60, 23, 55, 1, 48], [50, 47, 18, 17, 4, 52, 32, 53, 13, 38, 23, 31, 55, 24, 1], [37, 32, 15, 52, 10, 60, 18, 46, 2, 40, 22, 25, 20, 24, 9], [44, 4, 41, 17, 42, 37, 8, 27, 48, 22, 31, 38, 55, 1, 24], [4, 36, 29, 2, 37, 34, 41, 25, 60, 1, 31, 23, 38, 48, 55], [28, 10, 60, 19, 20, 33, 2, 48, 24, 23, 25, 1, 55, 38, 31], [54, 7, 8, 21, 37, 2, 45, 15, 41, 17, 31, 25, 23, 24, 48], [6, 32, 18, 43, 42, 52, 34, 41, 2, 51, 38, 48, 31, 24, 1], [59, 44, 35, 5, 13, 27, 21, 37, 8, 31, 55, 25, 1, 51, 48], [6, 47, 35, 18, 37, 23, 2, 28, 40, 33, 31, 48, 24, 55, 1], [13, 48, 18, 8, 42, 15, 10, 4, 2, 31, 20, 24, 25, 1, 55], [33, 58, 35, 22, 11, 34, 41, 42, 48, 60, 27, 24, 38, 1, 55], [49, 27, 35, 13, 8, 9, 4, 18, 38, 20, 24, 31, 55, 41, 48], [50, 18, 17, 35, 51, 8, 46, 2, 23, 1, 9, 55, 24, 48, 31], [30, 47, 25, 31, 45, 14, 57, 2, 60, 34, 13, 38, 24, 1, 55], [51, 56, 47, 50, 19, 37, 15, 31, 2, 22, 35, 60, 25, 1, 55], [45, 16, 37, 5, 17, 27, 51, 2, 60, 8, 24, 31, 23, 1, 55], [38, 34, 57, 25, 21, 22, 9, 13, 8, 27, 2, 48, 23, 1, 55], [15, 13, 43, 35, 6, 38, 27, 34, 12, 31, 20, 25, 23, 1, 55], [29, 6, 58, 2, 47, 4, 27, 17, 41, 24, 48, 23, 25, 55, 1], [58, 37, 5, 44, 50, 54, 38, 2, 20, 48, 23, 13, 24, 1, 55], [15, 29, 34, 51, 2, 18, 37, 31, 17, 25, 23, 55, 24, 1, 48], [39, 43, 15, 52, 27, 17, 12, 22, 23, 48, 20, 31, 38, 1, 55], [33, 57, 31, 41, 47, 29, 18, 50, 35, 2, 38, 13, 1, 55, 24], [48, 28, 60, 27, 12, 54, 37, 32, 25, 38, 23, 31, 13, 55, 1], [16, 17, 43, 5, 20, 18, 41, 37, 52, 23, 13, 1, 55, 25, 24]]
# lotes_brkga_15  = [[0.000841182, 0.00116518, 0.0016385, 0.00171992, 0.00421993, 0.0079788, 0.00825632, 0.00962314, 0.010117, 0.0109737, 0.153486, 0.18409, 0.19454, 0.196252, 0.215098], [0.000784168, 0.00103359, 0.00151831, 0.00356691, 0.00410742, 0.00504498, 0.00873804, 0.0150414, 0.0188943, 0.0680687, 0.133827, 0.15544, 0.1733, 0.194659, 0.215977], [3.72457e-5, 0.000492087, 0.00227583, 0.00275192, 0.00380205, 0.00464932, 0.0051275, 0.00978721, 0.0114365, 0.0130104, 0.0448026, 0.164156, 0.181833, 0.232234, 0.323604], [0.0011525, 0.00220847, 0.00305521, 0.00557747, 0.00772419, 0.0106744, 0.0125683, 0.0150879, 0.0200684, 0.0211585, 0.0443681, 0.0897021, 0.24652, 0.246827, 0.273308], [0.000718854, 0.00219527, 0.00269827, 0.00283991, 0.00557861, 0.00891479, 0.00897471, 0.014878, 0.0234881, 0.058777, 0.0606649, 0.0834086, 0.152434, 0.210076, 0.364353], [4.19787e-5, 0.00345299, 0.00737487, 0.0107171, 0.0124795, 0.013161, 0.0157886, 0.0264618, 0.0314759, 0.0813501, 0.0868612, 0.137493, 0.159472, 0.204913, 0.208957], [0.000305789, 0.000385979, 0.000893047, 0.0034974, 0.00362323, 0.0135927, 0.0143002, 0.0210911, 0.0226426, 0.107279, 0.120291, 0.148404, 0.165198, 0.179979, 0.198516], [0.00106536, 0.0013113, 0.00227294, 0.00255182, 0.00403576, 0.00843539, 0.0141512, 0.0292186, 0.053947, 0.0569856, 0.0682387, 0.143254, 0.194367, 0.205204, 0.214962], [0.000453142, 0.000654716, 0.00145567, 0.00155602, 0.00230965, 0.00492326, 0.00606024, 0.0122766, 0.0212716, 0.0236823, 0.0726354, 0.177458, 0.200429, 0.232637, 0.242198], [0.00109327, 0.00120494, 0.00203093, 0.00739384, 0.00810519, 0.0167641, 0.0236783, 0.02739, 0.0326678, 0.0372027, 0.0954188, 0.138299, 0.191412, 0.1983, 0.219039], [0.00219884, 0.00322883, 0.0043066, 0.00639804, 0.00715305, 0.00753036, 0.0105274, 0.0194788, 0.0232888, 0.0686726, 0.110657, 0.130968, 0.139414, 0.192719, 0.27346], [0.000524461, 0.00338818, 0.00754713, 0.00774828, 0.00832559, 0.00833214, 0.00893794, 0.0115808, 0.0137383, 0.0178333, 0.034104, 0.114023, 0.137404, 0.309255, 0.317258], [0.0003008, 0.00178536, 0.00192326, 0.00214617, 0.00284497, 0.0128276, 0.0173361, 0.0358192, 0.041484, 0.0616071, 0.0674966, 0.0826705, 0.131231, 0.165328, 0.3752], [0.00104767, 0.00372033, 0.00503122, 0.00594316, 0.00664758, 0.00984866, 0.010433, 0.0107222, 0.011765, 0.0149257, 0.0237043, 0.184688, 0.21966, 0.241257, 0.250606], [0.000284069, 0.00151843, 0.00346943, 0.00358383, 0.0155513, 0.0214357, 0.0223438, 0.0318407, 0.0385648, 0.0395673, 0.0414086, 0.0573219, 0.0635937, 0.328881, 0.330635], [0.000977362, 0.00152452, 0.00485781, 0.00537212, 0.00660667, 0.00798136, 0.00868417, 0.0207295, 0.0407905, 0.0631198, 0.106205, 0.107779, 0.136058, 0.243458, 0.245857], [0.00107054, 0.00139688, 0.00237672, 0.00321163, 0.00461422, 0.00650731, 0.00688306, 0.0142077, 0.0142972, 0.0308777, 0.0716643, 0.0814243, 0.141962, 0.305856, 0.313651], [0.000611807, 0.000726712, 0.00101689, 0.00414316, 0.0060301, 0.00807272, 0.00814431, 0.0163101, 0.0233827, 0.0274984, 0.0397617, 0.043697, 0.0770006, 0.366383, 0.377221], [4.16652e-6, 0.000968863, 0.00825814, 0.00861252, 0.0119713, 0.0126428, 0.0148369, 0.0152761, 0.019632, 0.0367149, 0.0461192, 0.0512743, 0.117498, 0.324308, 0.331883], [0.00056763, 0.00171987, 0.0017433, 0.00370233, 0.00395609, 0.00499454, 0.00609537, 0.00630774, 0.0294805, 0.0371927, 0.037422, 0.0803745, 0.111902, 0.322636, 0.351905], [0.000903129, 0.00164078, 0.00197426, 0.00250901, 0.0068818, 0.0107324, 0.0152238, 0.0162944, 0.0280064, 0.0294292, 0.0365092, 0.111333, 0.18211, 0.270439, 0.286014], [0.000539986, 0.00183064, 0.00239516, 0.00311324, 0.00604559, 0.00610788, 0.0288865, 0.030892, 0.037219, 0.0390901, 0.0608624, 0.0811306, 0.225847, 0.237432, 0.238608], [0.00183476, 0.00370137, 0.00373059, 0.00429401, 0.00709749, 0.0100855, 0.0134927, 0.0164381, 0.0205685, 0.0373392, 0.080718, 0.0875051, 0.21334, 0.234204, 0.265651], [0.00100936, 0.00108325, 0.00416813, 0.0086561, 0.0122584, 0.0162743, 0.0227221, 0.0241111, 0.0279507, 0.0383152, 0.0646404, 0.116036, 0.158843, 0.230927, 0.273004], [0.000271208, 0.00247323, 0.00249245, 0.00253852, 0.00259131, 0.0048659, 0.00728212, 0.0152469, 0.0278907, 0.0618407, 0.113539, 0.166429, 0.188532, 0.19611, 0.207897], [0.00011736, 0.000484667, 0.00195592, 0.00350009, 0.00368877, 0.00407271, 0.00681983, 0.00826485, 0.0090326, 0.0113588, 0.0344773, 0.0787294, 0.096882, 0.283446, 0.45717], [0.000723038, 0.000925054, 0.00100076, 0.00317688, 0.00402989, 0.00529445, 0.0103034, 0.0179162, 0.0230563, 0.0623265, 0.0842935, 0.125939, 0.144306, 0.252833, 0.263876], [0.00059706, 0.000849405, 0.00239357, 0.00318358, 0.00409953, 0.00653996, 0.00864915, 0.0176635, 0.0178802, 0.0455165, 0.0992999, 0.103269, 0.204736, 0.215852, 0.269471]]

ativos_brkga_15 = [
[41, 34, 3, 31, 2, 8, 58, 51, 14, 20, 25, 55, 1, 38, 24],
[9, 15, 6, 21, 13, 24, 37, 60, 55, 25, 1, 23, 51, 31, 22],
[10, 7, 12, 3, 52, 11, 13, 2, 4, 38, 60, 23, 55, 1, 48],
[50, 47, 18, 17, 4, 52, 32, 53, 13, 38, 23, 31, 55, 24, 1],
[37, 32, 15, 52, 10, 60, 18, 46, 2, 40, 22, 25, 20, 24, 9],
[44, 4, 41, 17, 42, 37, 8, 27, 48, 22, 31, 38, 55, 1, 24],
[4, 36, 29, 2, 37, 34, 41, 25, 60, 1, 31, 23, 38, 48, 55],
[28, 10, 60, 19, 20, 33, 2, 48, 24, 23, 25, 1, 55, 38, 31],
[54, 7, 8, 21, 37, 2, 45, 15, 41, 17, 31, 25, 23, 24, 48],
[6, 32, 18, 43, 42, 52, 34, 41, 2, 51, 38, 48, 31, 24, 1],
# [59, 44, 35, 5, 13, 27, 21, 37, 8, 31, 55, 25, 1, 51, 48],
[6, 47, 35, 18, 37, 23, 2, 28, 40, 33, 31, 48, 24, 55, 1],
[13, 48, 18, 8, 42, 15, 10, 4, 2, 31, 20, 24, 25, 1, 55],
[33, 58, 35, 22, 11, 34, 41, 42, 48, 60, 27, 24, 38, 1, 55],
[49, 27, 35, 13, 8, 9, 4, 18, 38, 20, 24, 31, 55, 41, 48],
[50, 18, 17, 35, 51, 8, 46, 2, 23, 1, 9, 55, 24, 48, 31],
[30, 47, 25, 31, 45, 14, 57, 2, 60, 34, 13, 38, 24, 1, 55],
[51, 56, 47, 50, 19, 37, 15, 31, 2, 22, 35, 60, 25, 1, 55],
[45, 16, 37, 5, 17, 27, 51, 2, 60, 8, 24, 31, 23, 1, 55],
# [57, 12, 60, 59, 53, 52, 22, 32, 38, 8, 25, 1, 13, 48, 9], <- corrupt
[38, 34, 57, 25, 21, 22, 9, 13, 8, 27, 2, 48, 23, 1, 55],
[15, 13, 43, 35, 6, 38, 27, 34, 12, 31, 20, 25, 23, 1, 55],
[29, 6, 58, 2, 47, 4, 27, 17, 41, 24, 48, 23, 25, 55, 1],
[58, 37, 5, 44, 50, 54, 38, 2, 20, 48, 23, 13, 24, 1, 55],
[15, 29, 34, 51, 2, 18, 37, 31, 17, 25, 23, 55, 24, 1, 48],
[39, 43, 15, 52, 27, 17, 12, 22, 23, 48, 20, 31, 38, 1, 55],
[33, 57, 31, 41, 47, 29, 18, 50, 35, 2, 38, 13, 1, 55, 24],
[48, 28, 60, 27, 12, 54, 37, 32, 25, 38, 23, 31, 13, 55, 1],
[16, 17, 43, 5, 20, 18, 41, 37, 52, 23, 13, 1, 55, 25, 24]]

lotes_brkga_15 = [
[0.000841182, 0.00116518, 0.0016385, 0.00171992, 0.00421993, 0.0079788, 0.00825632, 0.00962314, 0.010117, 0.0109737, 0.153486, 0.18409, 0.19454, 0.196252, 0.215098],
[0.000784168, 0.00103359, 0.00151831, 0.00356691, 0.00410742, 0.00504498, 0.00873804, 0.0150414, 0.0188943, 0.0680687, 0.133827, 0.15544, 0.1733, 0.194659, 0.215977],
[3.72457e-5, 0.000492087, 0.00227583, 0.00275192, 0.00380205, 0.00464932, 0.0051275, 0.00978721, 0.0114365, 0.0130104, 0.0448026, 0.164156, 0.181833, 0.232234, 0.323604],
[0.0011525, 0.00220847, 0.00305521, 0.00557747, 0.00772419, 0.0106744, 0.0125683, 0.0150879, 0.0200684, 0.0211585, 0.0443681, 0.0897021, 0.24652, 0.246827, 0.273308],
[0.000718854, 0.00219527, 0.00269827, 0.00283991, 0.00557861, 0.00891479, 0.00897471, 0.014878, 0.0234881, 0.058777, 0.0606649, 0.0834086, 0.152434, 0.210076, 0.364353],
[4.19787e-5, 0.00345299, 0.00737487, 0.0107171, 0.0124795, 0.013161, 0.0157886, 0.0264618, 0.0314759, 0.0813501, 0.0868612, 0.137493, 0.159472, 0.204913, 0.208957],
[0.000305789, 0.000385979, 0.000893047, 0.0034974, 0.00362323, 0.0135927, 0.0143002, 0.0210911, 0.0226426, 0.107279, 0.120291, 0.148404, 0.165198, 0.179979, 0.198516],
[0.00106536, 0.0013113, 0.00227294, 0.00255182, 0.00403576, 0.00843539, 0.0141512, 0.0292186, 0.053947, 0.0569856, 0.0682387, 0.143254, 0.194367, 0.205204, 0.214962],
[0.000453142, 0.000654716, 0.00145567, 0.00155602, 0.00230965, 0.00492326, 0.00606024, 0.0122766, 0.0212716, 0.0236823, 0.0726354, 0.177458, 0.200429, 0.232637, 0.242198],
[0.00109327, 0.00120494, 0.00203093, 0.00739384, 0.00810519, 0.0167641, 0.0236783, 0.02739, 0.0326678, 0.0372027, 0.0954188, 0.138299, 0.191412, 0.1983, 0.219039],
# [0.00219884, 0.00322883, 0.0043066, 0.00639804, 0.00715305, 0.00753036, 0.0105274, 0.0194788, 0.0232888, 0.0686726, 0.110657, 0.130968, 0.139414, 0.192719, 0.27346],
[0.000524461, 0.00338818, 0.00754713, 0.00774828, 0.00832559, 0.00833214, 0.00893794, 0.0115808, 0.0137383, 0.0178333, 0.034104, 0.114023, 0.137404, 0.309255, 0.317258],
[0.0003008, 0.00178536, 0.00192326, 0.00214617, 0.00284497, 0.0128276, 0.0173361, 0.0358192, 0.041484, 0.0616071, 0.0674966, 0.0826705, 0.131231, 0.165328, 0.3752],
[0.00104767, 0.00372033, 0.00503122, 0.00594316, 0.00664758, 0.00984866, 0.010433, 0.0107222, 0.011765, 0.0149257, 0.0237043, 0.184688, 0.21966, 0.241257, 0.250606],
[0.000284069, 0.00151843, 0.00346943, 0.00358383, 0.0155513, 0.0214357, 0.0223438, 0.0318407, 0.0385648, 0.0395673, 0.0414086, 0.0573219, 0.0635937, 0.328881, 0.330635],
[0.000977362, 0.00152452, 0.00485781, 0.00537212, 0.00660667, 0.00798136, 0.00868417, 0.0207295, 0.0407905, 0.0631198, 0.106205, 0.107779, 0.136058, 0.243458, 0.245857],
[0.00107054, 0.00139688, 0.00237672, 0.00321163, 0.00461422, 0.00650731, 0.00688306, 0.0142077, 0.0142972, 0.0308777, 0.0716643, 0.0814243, 0.141962, 0.305856, 0.313651],
[0.000611807, 0.000726712, 0.00101689, 0.00414316, 0.0060301, 0.00807272, 0.00814431, 0.0163101, 0.0233827, 0.0274984, 0.0397617, 0.043697, 0.0770006, 0.366383, 0.377221],
[4.16652e-6, 0.000968863, 0.00825814, 0.00861252, 0.0119713, 0.0126428, 0.0148369, 0.0152761, 0.019632, 0.0367149, 0.0461192, 0.0512743, 0.117498, 0.324308, 0.331883],
# [6.43478e-5, 0.00100737, 0.00371962, 0.00699342, 0.00889614, 0.0107477, 0.0129014, 0.0142548, 0.022595, 0.0287079, 0.0322341, 0.0740522, 0.0888981, 0.304423, 0.390505],
[0.00056763, 0.00171987, 0.0017433, 0.00370233, 0.00395609, 0.00499454, 0.00609537, 0.00630774, 0.0294805, 0.0371927, 0.037422, 0.0803745, 0.111902, 0.322636, 0.351905],
[0.000903129, 0.00164078, 0.00197426, 0.00250901, 0.0068818, 0.0107324, 0.0152238, 0.0162944, 0.0280064, 0.0294292, 0.0365092, 0.111333, 0.18211, 0.270439, 0.286014],
[0.000539986, 0.00183064, 0.00239516, 0.00311324, 0.00604559, 0.00610788, 0.0288865, 0.030892, 0.037219, 0.0390901, 0.0608624, 0.0811306, 0.225847, 0.237432, 0.238608],
[0.00183476, 0.00370137, 0.00373059, 0.00429401, 0.00709749, 0.0100855, 0.0134927, 0.0164381, 0.0205685, 0.0373392, 0.080718, 0.0875051, 0.21334, 0.234204, 0.265651],
[0.00100936, 0.00108325, 0.00416813, 0.0086561, 0.0122584, 0.0162743, 0.0227221, 0.0241111, 0.0279507, 0.0383152, 0.0646404, 0.116036, 0.158843, 0.230927, 0.273004],
[0.000271208, 0.00247323, 0.00249245, 0.00253852, 0.00259131, 0.0048659, 0.00728212, 0.0152469, 0.0278907, 0.0618407, 0.113539, 0.166429, 0.188532, 0.19611, 0.207897],
[0.00011736, 0.000484667, 0.00195592, 0.00350009, 0.00368877, 0.00407271, 0.00681983, 0.00826485, 0.0090326, 0.0113588, 0.0344773, 0.0787294, 0.096882, 0.283446, 0.45717],
[0.000723038, 0.000925054, 0.00100076, 0.00317688, 0.00402989, 0.00529445, 0.0103034, 0.0179162, 0.0230563, 0.0623265, 0.0842935, 0.125939, 0.144306, 0.252833, 0.263876],
[0.00059706, 0.000849405, 0.00239357, 0.00318358, 0.00409953, 0.00653996, 0.00864915, 0.0176635, 0.0178802, 0.0455165, 0.0992999, 0.103269, 0.204736, 0.215852, 0.269471]
]

